INDEX_STATUS 206
INDEX_COUNT 575
PARTIAL_BYTES 65536
SAMPLED_OK 575
DOMINANT_RANGES [(1, 7, 'md'), (8, 14, '??'), (15, 15, 'ri'), (16, 17, 'ma'), (18, 18, 'vt'), (19, 23, 'ma'), (24, 24, 'me'), (25, 26, 'ma'), (27, 27, 'me'), (28, 31, 'ma'), (32, 32, 'ri'), (33, 33, 'ma'), (34, 34, 'ri'), (35, 39, 'ma'), (40, 40, '??'), (41, 41, 'ca'), (42, 47, '??'), (48, 52, 'ny'), (53, 53, '??'), (54, 56, 'nh'), (57, 64, '??'), (65, 65, 'ny'), (66, 69, '??'), (70, 73, 'ct'), (74, 76, '??'), (77, 92, 'ny'), (93, 103, 'pa'), (104, 105, '??'), (106, 113, 'nj'), (114, 115, 'va'), (116, 123, 'pa'), (124, 124, 'va'), (125, 126, 'pa'), (127, 127, 'va'), (128, 130, 'pa'), (131, 132, 'de'), (133, 135, 'ma'), (136, 138, 'oh'), (139, 139, 'wv'), (140, 156, 'oh'), (157, 160, 'in'), (161, 174, 'mi'), (175, 179, 'in'), (180, 184, 'ky'), (185, 185, 'fl'), (186, 187, 'ga'), (188, 191, 'fl'), (192, 195, 'oh'), (196, 208, 'ga'), (209, 215, 'al'), (216, 222, 'nc'), (223, 224, 'in'), (225, 227, 'tn'), (228, 231, 'nc'), (232, 232, 'al'), (233, 237, 'ms'), (238, 247, 'tn'), (248, 250, 'va'), (251, 259, 'nc'), (260, 260, 'sc'), (261, 262, 'nc'), (263, 268, 'va'), (269, 290, 'fl'), (291, 310, 'il'), (311, 313, 'sc'), (314, 319, 'ia'), (320, 320, 'sc'), (321, 324, 'fl'), (325, 331, 'wi'), (332, 344, 'mn'), (345, 345, 'nd'), (346, 346, 'mo'), (347, 347, 'ne'), (348, 348, 'ks'), (349, 354, 'ne'), (355, 355, 'ks'), (356, 356, 'mo'), (357, 357, 'il'), (358, 367, 'fl'), (368, 376, 'mo'), (377, 378, 'ga'), (379, 381, 'co'), (382, 382, 'tx'), (383, 385, 'co'), (386, 388, 'nm'), (389, 404, 'tx'), (405, 406, 'la'), (407, 428, 'tx'), (429, 429, 'la'), (430, 433, 'ar'), (434, 435, 'la'), (436, 440, 'ok'), (441, 441, 'la'), (442, 444, 'ok'), (445, 445, 'la'), (446, 449, 'tx'), (450, 453, 'nv'), (454, 464, 'ca'), (465, 469, 'az'), (470, 470, 'ca'), (471, 474, 'az'), (475, 476, 'ca'), (477, 478, 'az'), (479, 488, 'ca'), (489, 489, 'az'), (490, 490, 'ut'), (491, 503, 'ca'), (504, 504, 'ut'), (505, 505, 'az'), (506, 532, 'ca'), (533, 534, 'az'), (535, 536, 'id'), (537, 541, 'wa'), (542, 542, 'co'), (543, 549, 'wa'), (550, 550, 'hi'), (551, 551, 'wa'), (552, 552, 'ak'), (553, 553, 'or'), (554, 557, 'wa'), (558, 558, 'or'), (559, 560, 'wa'), (561, 561, 'or'), (562, 563, 'wa'), (564, 564, 'hi'), (565, 565, 'co'), (566, 567, 'hi'), (568, 571, 'wa'), (572, 575, 'co')]
TARGET fl SAMPLE_HITS [84, 185, 186, 188, 189, 190, 191, 240, 269, 270, 271, 272, 273, 274, 275, 276, 277, 278, 279, 280, 281, 282, 283, 284, 285, 286, 287, 288, 289, 290, 321, 322, 323, 324, 330, 358, 359, 360, 361, 362, 363, 364, 365, 366, 367, 397, 505, 528, 542, 554, 564, 573, 574]
TARGET fl MINMAX 84 574
TARGET il SAMPLE_HITS [107, 125, 202, 223, 224, 290, 291, 292, 293, 294, 295, 296, 297, 298, 299, 300, 301, 302, 303, 304, 305, 306, 307, 308, 309, 310, 314, 316, 357, 358, 368, 369, 370, 371, 373, 374, 375, 460, 542, 543]
TARGET il MINMAX 107 543
TARGET mn SAMPLE_HITS [185, 196, 325, 331, 332, 333, 334, 335, 336, 337, 338, 339, 340, 341, 342, 343, 344, 345, 536, 539, 562, 572, 575]
TARGET mn MINMAX 185 575
TARGET mo SAMPLE_HITS [120, 230, 330, 346, 347, 348, 349, 356, 368, 369, 370, 371, 372, 373, 374, 375, 376, 436, 536, 542, 550, 552, 565, 567]
TARGET mo MINMAX 120 567
TARGET oh SAMPLE_HITS [115, 119, 136, 137, 138, 139, 140, 141, 142, 143, 144, 145, 146, 147, 148, 149, 150, 151, 152, 153, 154, 155, 156, 192, 193, 194, 195, 250, 261, 466, 506, 509, 542, 553, 564, 565]
TARGET oh MINMAX 115 565
TARGET wi SAMPLE_HITS [196, 325, 326, 327, 328, 329, 330, 331, 336, 436, 560]
TARGET wi MINMAX 196 560
